17.6266;-81.4603
34.5459;-75.1535
30.1599;-79.8213
31.0398;-77.6251
28.1765;-75.9917
34.1334;-65.0601
34.3418;-75.1902
17.8258;-80.1189
28.3716;-75.9895
27.4627;-65.1927
31.3030;-78.1952
24.2360;-81.1580
17.6181;-74.6291
23.9445;-66.5864
26.3376;-63.6103
34.8649;-71.6963
21.2171;-71.0086
29.0705;-68.8835
23.5593;-68.6136
26.9020;-66.4938
31.7685;-65.5879
25.1576;-68.7143
29.6827;-64.2665
34.7642;-71.0100
17.6163;-79.9103
24.4521;-81.3948
29.2593;-76.6981
25.3610;-64.7481
34.9625;-67.9945
32.1471;-75.3159
25.3825;-68.8007
32.2302;-79.8345
34.0785;-76.6269
31.8247;-64.4041
26.9491;-64.3755
21.2659;-70.7755
18.9197;-66.0085
25.3966;-63.8902
22.4603;-67.9300
35.3427;-67.3250
30.1863;-65.8208
27.5129;-63.8519
35.1189;-74.6876
22.7494;-64.0374
20.5666;-70.5521
29.6651;-63.6547
20.3487;-70.3862
34.9463;-65.4384
29.2968;-68.9391
31.2916;-63.6812
25.1629;-80.0647
25.4645;-75.5972
32.3731;-66.3405
20.6652;-68.7707
30.0098;-64.0213
